PegBandIndx  PathNo  Direction   LatStart   LatEnd     PegLat       PegLon    PegHeading
CSKS1        22      asc         31.60      32.00      31.73        -114.83   0
CSKS1        22      asc         31.90      32.30      32.02        -114.88   0
CSKS1        22      asc         32.20      32.50      32.31        -114.94   0
CSKS1        22      asc         32.40      32.80      32.61        -115.00   0
CSKS1        22      asc         32.70      33.10      32.89        -115.08   0
CSKS1        22      asc         33.00      33.40      33.20        -115.14   0
CSKS1        22      asc         33.30      33.70      33.48        -115.20   0
CSKS1        22      asc         33.60      34.00      33.78        -115.28   0
CSKS1        22      asc         33.90      34.30      34.08        -115.34   0
CSKS1        22      asc         34.20      34.60      34.36        -115.41   0
CSKS1        22      asc         34.50      34.90      34.66        -115.47   0
CSKS1        22      asc         34.80      35.20      34.95        -115.55   0
CSKS1        22      asc         35.10      35.50      35.25        -115.61   0
CSKS1        22      asc         35.40      35.80      35.55        -115.68   0
CSKS1        37      asc         31.20      31.60      31.40        -116.64   0
CSKS1        37      asc         31.50      31.90      31.70        -116.70   0
CSKS1        37      asc         31.90      32.20      32.01        -116.76   0
CSKS1        37      asc         32.20      32.50      32.30        -116.81   0
CSKS1        37      asc         32.50      32.80      32.61        -116.87   0
CSKS1        37      asc         32.80      33.10      32.91        -116.93   0
CSKS1        37      asc         33.10      33.40      33.22        -116.99   0
CSKS1        37      asc         33.40      33.70      33.52        -117.05   0
CSKS1        37      asc         33.70      34.00      33.83        -117.11   0
CSKS1        37      asc         34.00      34.40      34.14        -117.17   0
CSKS1        37      asc         34.30      34.70      34.44        -117.23   0
CSKS1        37      asc         34.60      35.00      34.74        -117.29   0
CSKS1        37      asc         34.90      35.30      35.05        -117.35   0
CSKS1        37      asc         35.20      35.60      35.34        -117.41   0
CSKS1        37      asc         35.50      35.90      35.66        -117.47   0
CSKS1        52      asc         33.80      34.20      33.99        -119.02   0
CSKS1        52      asc         34.20      34.50      34.30        -119.06   0
CSKS1        52      asc         34.50      34.80      34.61        -119.12   0
CSKS1        52      asc         34.80      35.10      34.93        -119.17   0
CSKS1        52      asc         35.10      35.40      35.25        -119.22   0
CSKS1        52      asc         35.40      35.70      35.55        -119.28   0
CSKS1        52      asc         35.70      36.10      35.87        -119.33   0
CSKS1        52      asc         36.00      36.40      36.19        -119.38   0
CSKS1        52      asc         36.30      36.70      36.50        -119.42   0
CSKS1        52      asc         36.70      37.00      36.81        -119.47   0
CSKS1        111     asc         32.30      32.70      32.48        -117.55   0
CSKS1        111     asc         32.60      33.00      32.75        -117.61   0
CSKS1        111     asc         32.90      33.30      33.05        -117.67   0
CSKS1        111     asc         33.20      33.60      33.36        -117.75   0
CSKS1        111     asc         33.50      33.90      33.64        -117.81   0
CSKS1        111     asc         33.80      34.20      33.95        -117.88   0
CSKS1        111     asc         34.10      34.50      34.23        -117.94   0
CSKS1        111     asc         34.40      34.80      34.53        -118.02   0
CSKS1        111     asc         34.70      35.10      34.83        -118.07   0
CSKS1        111     asc         35.00      35.40      35.12        -118.14   0
CSKS1        111     asc         35.30      35.70      35.44        -118.22   0
CSKS1        111     asc         35.60      35.90      35.70        -118.27   0
CSKS1        126     asc         35.90      36.30      36.11        -122.16   0
CSKS1        126     asc         36.40      36.80      36.61        -122.27   0
CSKS1        126     asc         36.70      37.10      36.89        -122.34   0
CSKS1        126     asc         37.00      37.40      37.20        -122.39   0
CSKS1        126     asc         37.30      37.70      37.48        -122.47   0
CSKS1        126     asc         37.60      38.00      37.78        -122.53   0
CSKS1        126     asc         37.90      38.30      38.08        -122.59   0
CSKS1        126     asc         38.20      38.60      38.38        -122.66   0
CSKS1        126     asc         38.50      38.90      38.66        -122.73   0
CSKS1        185     asc         31.40      31.70      31.50        -116.03   0
CSKS1        185     asc         31.70      32.10      31.82        -116.11   0
CSKS1        185     asc         32.00      32.40      32.12        -116.17   0
CSKS1        185     asc         32.30      32.70      32.45        -116.25   0
CSKS1        185     asc         32.60      33.00      32.77        -116.31   0
CSKS1        185     asc         32.90      33.30      33.08        -116.39   0
CSKS1        185     asc         33.30      33.60      33.41        -116.46   0
CSKS1        185     asc         33.60      34.00      33.73        -116.53   0
CSKS1        185     asc         33.90      34.30      34.02        -116.59   0
CSKS1        185     asc         34.20      34.60      34.36        -116.67   0
CSKS1        185     asc         34.50      34.90      34.67        -116.75   0
CSKS1        185     asc         34.80      35.20      34.98        -116.81   0
CSKS1        185     asc         35.20      35.50      35.31        -116.89   0
CSKS1        185     asc         35.50      35.90      35.62        -116.97   0
CSKS1        200     asc         34.30      34.70      34.47        -120.31   0
CSKS1        200     asc         34.60      35.00      34.78        -120.38   0
CSKS1        200     asc         34.90      35.30      35.09        -120.44   0
CSKS1        200     asc         35.20      35.60      35.39        -120.52   0
CSKS1        200     asc         35.60      35.90      35.70        -120.58   0
CSKS1        200     asc         35.90      36.30      36.02        -120.64   0
CSKS1        200     asc         36.20      36.60      36.33        -120.72   0
CSKS1        200     asc         36.50      36.90      36.66        -120.78   0
CSKS1        200     asc         36.80      37.20      36.97        -120.84   0
CSKS1        200     asc         37.10      37.50      37.27        -120.91   0
CSKS1        200     asc         37.40      37.80      37.59        -120.97   0
CSKS1        200     asc         37.70      38.10      37.89        -121.05   0
CSKS1        200     asc         37.70      38.10      37.83        -122.71   0
CSKS1        200     asc         38.10      38.40      38.22        -121.11   0
CSKS1        0       dsc         34.80      34.40      34.58        -119.81   0
CSKS1        0       dsc         35.10      34.70      34.88        -119.77   0
CSKS1        0       dsc         35.40      35.00      35.19        -119.71   0
CSKS1        0       dsc         35.70      35.30      35.49        -119.66   0
CSKS1        0       dsc         36.00      35.60      35.80        -119.60   0
CSKS1        0       dsc         36.30      35.90      36.11        -119.55   0
CSKS1        0       dsc         36.60      36.30      36.41        -119.49   0
CSKS1        0       dsc         36.90      36.60      36.72        -119.44   0
CSKS1        0       dsc         37.20      36.90      37.02        -119.38   0
CSKS1        29      dsc         31.60      31.30      31.45        -115.53   0
CSKS1        29      dsc         31.90      31.60      31.74        -115.47   0
CSKS1        29      dsc         32.20      31.90      32.03        -115.43   0
CSKS1        29      dsc         32.50      32.20      32.33        -115.38   0
CSKS1        29      dsc         32.80      32.50      32.61        -115.34   0
CSKS1        29      dsc         33.10      32.80      32.91        -115.28   0
CSKS1        29      dsc         33.40      33.10      33.20        -115.23   0
CSKS1        29      dsc         33.70      33.30      33.50        -115.19   0
CSKS1        29      dsc         34.00      33.60      33.78        -115.14   0
CSKS1        29      dsc         34.30      33.90      34.08        -115.09   0
CSKS1        29      dsc         34.60      34.20      34.36        -115.05   0
CSKS1        29      dsc         34.80      34.50      34.66        -115.00   0
CSKS1        44      dsc         34.20      33.90      34.05        -118.66   0
CSKS1        44      dsc         34.50      34.20      34.33        -118.62   0
CSKS1        44      dsc         34.80      34.50      34.61        -118.56   0
CSKS1        44      dsc         35.10      34.70      34.89        -118.52   0
CSKS1        44      dsc         35.40      35.00      35.17        -118.47   0
CSKS1        44      dsc         35.70      35.30      35.45        -118.41   0
CSKS1        44      dsc         35.90      35.60      35.75        -118.37   0
CSKS1        44      dsc         36.20      35.90      36.02        -118.31   0
CSKS1        59      dsc         35.80      35.40      35.60        -120.86   0
CSKS1        59      dsc         36.10      35.70      35.89        -120.80   0
CSKS1        59      dsc         36.40      36.00      36.19        -120.74   0
CSKS1        59      dsc         36.70      36.30      36.48        -120.68   0
CSKS1        59      dsc         37.00      36.60      36.77        -120.62   0
CSKS1        59      dsc         37.30      36.90      37.05        -120.56   0
CSKS1        59      dsc         37.60      37.20      37.34        -120.50   0
CSKS1        59      dsc         37.80      37.50      37.64        -120.44   0
CSKS1        59      dsc         38.10      37.80      37.92        -120.38   0
CSKS1        73      dsc         37.90      37.50      37.64        -122.12   0
CSKS1        73      dsc         38.10      37.70      37.83        -122.07   0
CSKS1        74      dsc         37.20      36.80      36.92        -121.89   0
CSKS1        74      dsc         37.50      37.10      37.23        -121.81   0
CSKS1        74      dsc         37.80      37.40      37.55        -121.73   0
CSKS1        74      dsc         38.10      37.70      37.84        -121.66   0
CSKS1        74      dsc         38.40      38.00      38.16        -121.58   0
CSKS1        74      dsc         38.70      38.30      38.47        -121.50   0
CSKS1        74      dsc         39.00      38.60      38.77        -121.42   0
CSKS1        103     dsc         31.90      31.60      31.73        -114.21   0
CSKS1        103     dsc         32.20      31.80      32.00        -114.16   0
CSKS1        103     dsc         32.50      32.10      32.28        -114.12   0
CSKS1        118     dsc         32.40      32.10      32.25        -116.86   0
CSKS1        118     dsc         32.70      32.40      32.55        -116.80   0
CSKS1        118     dsc         33.00      32.70      32.84        -116.75   0
CSKS1        118     dsc         33.40      33.00      33.16        -116.69   0
CSKS1        118     dsc         33.60      33.30      33.45        -116.63   0
CSKS1        118     dsc         34.00      33.60      33.75        -116.58   0
CSKS1        118     dsc         34.30      33.90      34.05        -116.53   0
CSKS1        118     dsc         34.60      34.20      34.36        -116.47   0
CSKS1        118     dsc         34.90      34.50      34.66        -116.41   0
CSKS1        118     dsc         35.20      34.80      34.97        -116.36   0
CSKS1        118     dsc         35.50      35.10      35.27        -116.31   0
CSKS1        118     dsc         35.80      35.40      35.56        -116.25   0
CSKS1        192     dsc         31.60      31.20      31.37        -116.09   0
CSKS1        192     dsc         31.90      31.50      31.69        -116.05   0
CSKS1        192     dsc         32.20      31.90      32.01        -115.98   0
CSKS1        192     dsc         32.50      32.20      32.31        -115.92   0
CSKS1        192     dsc         32.80      32.50      32.64        -115.88   0
CSKS1        192     dsc         33.20      32.80      32.95        -115.81   0
CSKS1        192     dsc         33.50      33.10      33.27        -115.77   0
CSKS1        192     dsc         33.80      33.40      33.59        -115.70   0
CSKS1        192     dsc         34.10      33.80      33.91        -115.65   0
CSKS1        192     dsc         34.40      34.10      34.23        -115.59   0
CSKS1        192     dsc         34.70      34.40      34.53        -115.54   0
CSKS1        192     dsc         35.10      34.70      34.86        -115.48   0
CSKS1        192     dsc         35.40      35.00      35.17        -115.42   0
CSKS1        192     dsc         35.70      35.30      35.49        -115.38   0
CSKS1        207     dsc         34.80      34.40      34.59        -119.81   0
CSKS1        207     dsc         35.10      34.70      34.89        -119.75   0
CSKS1        207     dsc         35.40      35.00      35.20        -119.70   0
CSKS1        207     dsc         35.70      35.30      35.50        -119.65   0
CSKS1        207     dsc         36.00      35.60      35.80        -119.59   0
CSKS1        207     dsc         36.30      35.90      36.09        -119.54   0
CSKS1        207     dsc         36.60      36.20      36.39        -119.48   0
CSKS1        207     dsc         36.90      36.50      36.70        -119.43   0
CSKS1        207     dsc         37.20      36.80      37.00        -119.38   0