PegBandIndx  PathNo  Direction   LatStart   LatEnd     PegLat       PegLon    PegHeading
csks4       200        asc       35.59        36.89       36.24        -121.61        11         -121.75       -121.46 
csks4       200        asc       36.89        38.19       37.54        -121.32        11         -121.46       -121.17 
csks4       200        asc       38.19        39.16       38.68        -121.06        11         -121.17       -120.95 
csks4        37        asc       31.44        32.74       32.09        -117.30        14         -117.43       -117.18 
csks4        37        asc       32.74        34.03       33.38        -117.05        14         -117.18       -116.93 
csks4        37        asc       34.03        35.00       34.52        -116.84        14         -116.93       -116.74 
csks4        37        asc       35.00        35.97       35.49        -116.65        14         -116.74       -116.56 
csks4        52        asc       34.32        35.27       34.80        -120.23        12         -120.31       -120.15 
csks4        52        asc       35.27        36.22       35.75        -120.07        12         -120.15       -119.98 
csks4        52        asc       36.22        37.17       36.70        -119.90        12         -119.98       -119.82 
csks4        52        asc       37.17        38.12       37.65        -119.74        12         -119.82       -119.66 
csks4       111        asc       33.53        34.83       34.18        -118.79        11         -118.94       -118.65 
csks4       111        asc       34.83        36.13       35.48        -118.50        11         -118.65       -118.35 
csks4       111        asc       36.13        37.11       36.62        -118.24        11         -118.35       -118.13 
csks4       185        asc       31.47        32.73       32.10        -115.31        14         -115.44       -115.19 
csks4       185        asc       32.73        34.00       33.36        -115.06        14         -115.19       -114.93 
csks4       185        asc       34.00        34.94       34.47        -114.83        14         -114.93       -114.74 
csks4       185        asc       34.94        35.89       35.42        -114.64        14         -114.74       -114.55 
csks4        59        dsc       37.57        36.57       37.07        -120.18        9         -120.08       -120.28 
csks4        59        dsc       36.57        35.57       36.07        -120.39        9         -120.28       -120.49 
csks4        59        dsc       35.57        34.56       35.07        -120.59        9         -120.49       -120.69 
csks4       207        dsc       36.54        35.24       35.89        -119.02        8         -118.90       -119.14 
csks4       207        dsc       35.24        33.95       34.60        -119.26        8         -119.14       -119.38 
csks4        44        dsc       35.95        34.76       35.36        -118.24        8         -118.14       -118.35 
csks4        44        dsc       34.76        33.57       34.16        -118.45        8         -118.35       -118.56 
csks4        29        dsc       33.08        32.13       32.60        -114.76        5         -114.68       -114.84 
csks4        29        dsc       32.13        31.49       31.81        -114.90        5         -114.84       -114.95 
csks4       148        dsc       38.77        37.91       38.34        -123.29        3         -123.21       -123.38 
csks4       192        dsc       35.43        34.14       34.78        -115.67        13         -115.55       -115.78 
csks4       192        dsc       34.14        33.17       33.65        -115.86        13         -115.78       -115.95 
csks4       192        dsc       33.17        32.20       32.69        -116.03        13         -115.95       -116.12 
csks4       192        dsc       32.20        31.23       31.72        -116.20        13         -116.12       -116.29 
csks4        74        dsc       38.55        37.22       37.88        -121.37        8         -121.21       -121.53 
csks4        74        dsc       37.22        35.90       36.56        -121.69        8         -121.53       -121.86 
csks4       118        dsc       35.91        34.60       35.26        -117.73        8         -117.62       -117.84 
csks4       118        dsc       34.60        33.29       33.95        -117.95        8         -117.84       -118.06 
