PegBandIndx  PathNo  Direction   LatStart   LatEnd     PegLat       PegLon    PegHeading
csks1       200        asc       34.30        35.61       34.96        -120.43        13         -120.56       -120.29 
csks1       200        asc       35.61        36.60       36.10        -120.19        13         -120.29       -120.09 
csks1       200        asc       36.60        37.58       37.09        -119.98        13         -120.09       -119.88 
csks1       200        asc       37.58        38.56       38.07        -119.78        13         -119.88       -119.68 
csks1        22        asc       31.54        32.78       32.16        -115.07        14         -115.21       -114.93 
csks1        22        asc       32.78        34.02       33.40        -114.80        14         -114.93       -114.66 
csks1        22        asc       34.02        34.95       34.49        -114.56        14         -114.66       -114.46 
csks1        22        asc       34.95        35.88       35.42        -114.36        14         -114.46       -114.26 
csks1        37        asc       31.21        32.16       31.68        -116.88        15         -116.97       -116.79 
csks1        37        asc       32.16        33.11       32.64        -116.70        15         -116.79       -116.61 
csks1        37        asc       33.11        34.06       33.59        -116.52        15         -116.61       -116.43 
csks1        37        asc       34.06        35.01       34.54        -116.34        15         -116.43       -116.26 
csks1        37        asc       35.01        35.96       35.49        -116.17        15         -116.26       -116.08 
csks1        52        asc       33.79        35.10       34.45        -119.00        10         -119.11       -118.90 
csks1        52        asc       35.10        36.09       35.60        -118.82        10         -118.90       -118.74 
csks1        52        asc       36.09        37.07       36.58        -118.66        10         -118.74       -118.58 
csks1       111        asc       32.29        33.23       32.76        -117.66        12         -117.76       -117.56 
csks1       111        asc       33.23        34.18       33.71        -117.46        12         -117.56       -117.36 
csks1       111        asc       34.18        35.13       34.65        -117.26        12         -117.36       -117.16 
csks1       111        asc       35.13        36.08       35.60        -117.06        12         -117.16       -116.96 
csks1       126        asc       36.43        37.72       37.08        -122.04        8         -122.17       -121.90 
csks1       126        asc       37.72        39.00       38.36        -121.77        8         -121.90       -121.63 
csks1       185        asc       31.31        32.63       31.97        -116.33        14         -116.48       -116.19 
csks1       185        asc       32.63        33.96       33.30        -116.05        14         -116.19       -115.91 
csks1       185        asc       33.96        34.96       34.46        -115.80        14         -115.91       -115.69 
csks1       185        asc       34.96        35.96       35.46        -115.59        14         -115.69       -115.48 
csks1        59        dsc       38.22        37.29       37.76        -120.93        9         -120.84       -121.02 
csks1        59        dsc       37.29        36.35       36.82        -121.11        9         -121.02       -121.20 
csks1        59        dsc       36.35        35.42       35.88        -121.29        9         -121.20       -121.38 
csks1       207        dsc       37.30        36.33       36.82        -119.88        9         -119.80       -119.97 
csks1       207        dsc       36.33        35.37       35.85        -120.05        9         -119.97       -120.13 
csks1       207        dsc       35.37        34.41       34.89        -120.22        9         -120.13       -120.30 
csks1        44        dsc       36.30        35.08       35.69        -118.80        8         -118.70       -118.91 
csks1        44        dsc       35.08        33.85       34.46        -119.01        8         -118.91       -119.12 
csks1        29        dsc       34.95        34.03       34.49        -115.44        12         -115.36       -115.51 
csks1        29        dsc       34.03        33.12       33.58        -115.59        12         -115.51       -115.66 
csks1        29        dsc       33.12        32.21       32.66        -115.73        12         -115.66       -115.81 
csks1        29        dsc       32.21        31.29       31.75        -115.88        12         -115.81       -115.96 
csks1       192        dsc       35.77        34.86       35.32        -115.82        15         -115.74       -115.90 
csks1       192        dsc       34.86        33.94       34.40        -115.98        15         -115.90       -116.06 
csks1       192        dsc       33.94        33.02       33.48        -116.13        15         -116.06       -116.21 
csks1       192        dsc       33.02        32.10       32.56        -116.29        15         -116.21       -116.37 
csks1       192        dsc       32.10        31.18       31.64        -116.45        15         -116.37       -116.52 
csks1        74        dsc       39.11        37.77       38.44        -122.10        7         -121.94       -122.26 
csks1        74        dsc       37.77        36.76       37.26        -122.38        7         -122.26       -122.49 
csks1       103        dsc       32.54        31.54       32.04        -114.55        3         -114.47       -114.63 
csks1       118        dsc       35.85        34.90       35.38        -116.71        12         -116.63       -116.80 
csks1       118        dsc       34.90        33.96       34.43        -116.88        12         -116.80       -116.96 
csks1       118        dsc       33.96        33.01       33.48        -117.05        12         -116.96       -117.13 
csks1       118        dsc       33.01        32.07       32.54        -117.22        12         -117.13       -117.30 
