PegBandIndx  PathNo  Direction   LatStart   LatEnd     PegLat       PegLon    PegHeading
csks2       200        asc       34.61        35.85       35.23        -121.01        14         -121.14       -120.88 
csks2       200        asc       35.85        37.10       36.48        -120.74        14         -120.88       -120.61 
csks2       200        asc       37.10        38.03       37.57        -120.50        14         -120.61       -120.40 
csks2       200        asc       38.03        38.97       38.50        -120.30        14         -120.40       -120.20 
csks2        22        asc       31.58        32.53       32.05        -114.52        9         -114.62       -114.42 
csks2        22        asc       32.53        33.48       33.00        -114.32        9         -114.42       -114.22 
csks2        22        asc       33.48        34.43       33.95        -114.12        9         -114.22       -114.02 
csks2        37        asc       31.26        32.19       31.73        -116.56        15         -116.65       -116.48 
csks2        37        asc       32.19        33.13       32.66        -116.39        15         -116.48       -116.31 
csks2        37        asc       33.13        34.07       33.60        -116.22        15         -116.31       -116.14 
csks2        37        asc       34.07        35.00       34.53        -116.05        15         -116.14       -115.96 
csks2        37        asc       35.00        35.94       35.47        -115.88        15         -115.96       -115.79 
csks2        52        asc       33.94        35.21       34.58        -119.38        11         -119.48       -119.28 
csks2        52        asc       35.21        36.47       35.84        -119.17        11         -119.28       -119.07 
csks2        52        asc       36.47        37.42       36.94        -118.99        11         -119.07       -118.92 
csks2       111        asc       33.09        34.38       33.74        -117.93        10         -118.07       -117.79 
csks2       111        asc       34.38        35.35       34.87        -117.69        10         -117.79       -117.58 
csks2       111        asc       35.35        36.33       35.84        -117.48        10         -117.58       -117.38 
csks2       126        asc       37.28        38.17       37.73        -122.52        5         -122.61       -122.42 
csks2       126        asc       38.17        38.76       38.46        -122.36        5         -122.42       -122.30 
csks2       185        asc       31.35        32.66       32.00        -116.08        14         -116.22       -115.94 
csks2       185        asc       32.66        33.98       33.32        -115.80        14         -115.94       -115.66 
csks2       185        asc       33.98        34.96       34.47        -115.55        14         -115.66       -115.45 
csks2       185        asc       34.96        35.95       35.46        -115.35        14         -115.45       -115.24 
csks2        59        dsc       38.00        37.02       37.51        -120.68        9         -120.58       -120.78 
csks2        59        dsc       37.02        36.04       36.53        -120.87        9         -120.78       -120.97 
csks2        59        dsc       36.04        35.07       35.56        -121.06        9         -120.97       -121.16 
csks2       207        dsc       37.01        36.09       36.55        -119.55        9         -119.47       -119.63 
csks2       207        dsc       36.09        35.17       35.63        -119.71        9         -119.63       -119.79 
csks2       207        dsc       35.17        34.25       34.71        -119.87        9         -119.79       -119.96 
csks2        44        dsc       36.13        34.92       35.52        -118.58        8         -118.48       -118.69 
csks2        44        dsc       34.92        33.71       34.31        -118.79        8         -118.69       -118.90 
csks2        29        dsc       34.40        33.17       33.79        -115.25        10         -115.15       -115.35 
csks2        29        dsc       33.17        32.25       32.71        -115.42        10         -115.35       -115.50 
csks2        29        dsc       32.25        31.33       31.79        -115.57        10         -115.50       -115.65 
csks2       148        dsc       38.83        37.58       38.21        -121.72        8         -121.58       -121.86 
csks2       148        dsc       37.58        36.33       36.96        -122.00        8         -121.86       -122.14 
csks2       192        dsc       35.82        34.90       35.36        -116.19        15         -116.12       -116.27 
csks2       192        dsc       34.90        33.98       34.44        -116.35        15         -116.27       -116.42 
csks2       192        dsc       33.98        33.06       33.52        -116.50        15         -116.42       -116.58 
csks2       192        dsc       33.06        32.14       32.60        -116.65        15         -116.58       -116.73 
csks2       192        dsc       32.14        31.22       31.68        -116.81        15         -116.73       -116.88 
csks2        74        dsc       39.21        38.18       38.69        -122.42        6         -122.30       -122.54 
csks2        74        dsc       38.18        37.14       37.66        -122.66        6         -122.54       -122.78 
csks2       118        dsc       35.89        34.66       35.27        -117.11        11         -117.00       -117.21 
csks2       118        dsc       34.66        33.44       34.05        -117.32        11         -117.21       -117.42 
csks2       118        dsc       33.44        32.52       32.98        -117.50        11         -117.42       -117.58 
