PegBandIndx  PathNo  Direction   LatStart   LatEnd     PegLat       PegLon    PegHeading
CSKS4        37      asc         31.40      31.80      31.60        -117.06   0
CSKS4        37      asc         31.80      32.10      31.93        -117.12   0
CSKS4        37      asc         32.10      32.50      32.25        -117.17   0
CSKS4        37      asc         32.40      32.80      32.55        -117.24   0
CSKS4        37      asc         32.70      33.10      32.88        -117.30   0
CSKS4        37      asc         33.00      33.40      33.17        -117.36   0
CSKS4        37      asc         33.30      33.70      33.48        -117.43   0
CSKS4        37      asc         33.60      34.00      33.80        -117.49   0
CSKS4        37      asc         34.00      34.30      34.12        -117.55   0
CSKS4        37      asc         34.30      34.60      34.42        -117.61   0
CSKS4        37      asc         34.30      34.30      34.27        -117.58   0
CSKS4        37      asc         34.60      35.00      34.73        -117.68   0
CSKS4        37      asc         34.90      35.30      35.05        -117.74   0
CSKS4        37      asc         35.20      35.60      35.38        -117.80   0
CSKS4        37      asc         35.50      35.90      35.67        -117.87   0
CSKS4        52      asc         34.40      34.70      34.52        -120.09   0
CSKS4        52      asc         34.70      35.00      34.81        -120.15   0
CSKS4        52      asc         35.00      35.30      35.12        -120.20   0
CSKS4        52      asc         35.30      35.60      35.42        -120.25   0
CSKS4        52      asc         35.60      35.90      35.73        -120.31   0
CSKS4        52      asc         35.90      36.20      36.02        -120.37   0
CSKS4        52      asc         36.20      36.50      36.33        -120.41   0
CSKS4        52      asc         36.50      36.80      36.63        -120.47   0
CSKS4        52      asc         36.80      37.10      36.94        -120.52   0
CSKS4        52      asc         37.10      37.40      37.23        -120.58   0
CSKS4        52      asc         37.40      37.70      37.53        -120.62   0
CSKS4        52      asc         37.70      38.00      37.84        -120.69   0
CSKS4        111     asc         33.60      34.00      33.73        -118.71   0
CSKS4        111     asc         33.90      34.30      34.03        -118.78   0
CSKS4        111     asc         34.20      34.60      34.34        -118.85   0
CSKS4        111     asc         34.50      34.90      34.64        -118.92   0
CSKS4        111     asc         34.80      35.20      34.94        -119.00   0
CSKS4        111     asc         35.10      35.50      35.25        -119.07   0
CSKS4        111     asc         35.40      35.80      35.55        -119.14   0
CSKS4        111     asc         35.70      36.10      35.84        -119.21   0
CSKS4        111     asc         36.00      36.40      36.14        -119.28   0
CSKS4        111     asc         36.30      36.70      36.45        -119.36   0
CSKS4        111     asc         36.60      37.00      36.75        -119.43   0
CSKS4        126     asc         36.20      36.60      36.34        -122.22   0
CSKS4        185     asc         31.50      31.90      31.66        -115.16   0
CSKS4        185     asc         31.80      32.20      31.95        -115.22   0
CSKS4        185     asc         32.10      32.50      32.27        -115.28   0
CSKS4        185     asc         32.40      32.80      32.55        -115.35   0
CSKS4        185     asc         32.70      33.10      32.86        -115.41   0
CSKS4        185     asc         33.00      33.40      33.14        -115.47   0
CSKS4        185     asc         33.30      33.70      33.45        -115.53   0
CSKS4        185     asc         33.60      34.00      33.75        -115.59   0
CSKS4        185     asc         33.90      34.30      34.05        -115.66   0
CSKS4        185     asc         34.20      34.60      34.34        -115.72   0
CSKS4        185     asc         34.50      34.90      34.64        -115.79   0
CSKS4        185     asc         34.80      35.20      34.95        -115.86   0
CSKS4        185     asc         35.10      35.50      35.25        -115.91   0
CSKS4        185     asc         35.40      35.80      35.53        -115.98   0
CSKS4        200     asc         35.60      36.00      35.77        -121.53   0
CSKS4        200     asc         35.90      36.30      36.08        -121.61   0
CSKS4        200     asc         36.20      36.60      36.38        -121.68   0
CSKS4        200     asc         36.50      36.90      36.69        -121.75   0
CSKS4        200     asc         36.80      37.20      37.00        -121.82   0
CSKS4        200     asc         37.20      37.50      37.30        -121.90   0
CSKS4        200     asc         37.20      37.60      37.31        -122.16   0
CSKS4        200     asc         37.40      37.80      37.61        -121.97   0
CSKS4        200     asc         37.80      38.10      37.91        -122.05   0
CSKS4        200     asc         38.10      38.40      38.22        -122.11   0
CSKS4        200     asc         38.40      38.80      38.52        -122.18   0
CSKS4        200     asc         38.70      39.10      38.83        -122.26   0
CSKS4        29      dsc         31.90      31.50      31.67        -114.52   0
CSKS4        29      dsc         32.20      31.80      31.95        -114.47   0
CSKS4        29      dsc         32.40      32.10      32.23        -114.42   0
CSKS4        29      dsc         32.70      32.40      32.52        -114.38   0
CSKS4        29      dsc         33.00      32.60      32.80        -114.33   0
CSKS4        44      dsc         33.90      33.60      33.75        -118.09   0
CSKS4        44      dsc         34.20      33.90      34.02        -118.05   0
CSKS4        44      dsc         34.50      34.10      34.28        -118.00   0
CSKS4        44      dsc         34.80      34.40      34.56        -117.94   0
CSKS4        44      dsc         35.00      34.70      34.84        -117.90   0
CSKS4        44      dsc         35.30      34.90      35.11        -117.84   0
CSKS4        44      dsc         35.60      35.20      35.38        -117.80   0
CSKS4        44      dsc         35.90      35.50      35.65        -117.75   0
CSKS4        59      dsc         34.00      33.60      33.75        -118.09   0
CSKS4        59      dsc         34.40      34.10      34.20        -117.98   0
CSKS4        59      dsc         34.80      34.40      34.53        -120.16   0
CSKS4        59      dsc         35.10      34.70      34.84        -120.09   0
CSKS4        59      dsc         35.40      35.00      35.14        -120.03   0
CSKS4        59      dsc         35.70      35.30      35.44        -119.96   0
CSKS4        59      dsc         36.00      35.60      35.73        -119.89   0
CSKS4        59      dsc         36.30      35.90      36.05        -119.83   0
CSKS4        59      dsc         36.60      36.20      36.34        -119.77   0
CSKS4        59      dsc         36.90      36.50      36.64        -119.70   0
CSKS4        59      dsc         37.20      36.80      36.95        -119.64   0
CSKS4        59      dsc         37.50      37.10      37.25        -119.57   0
CSKS4        74      dsc         36.00      35.60      35.80        -121.27   0
CSKS4        74      dsc         36.30      35.90      36.09        -121.19   0
CSKS4        74      dsc         36.60      36.20      36.39        -121.12   0
CSKS4        74      dsc         36.90      36.50      36.69        -121.04   0
CSKS4        74      dsc         37.20      36.80      36.98        -120.96   0
CSKS4        74      dsc         37.50      37.10      37.27        -120.88   0
CSKS4        74      dsc         37.80      37.40      37.58        -120.81   0
CSKS4        74      dsc         38.10      37.70      37.86        -120.72   0
CSKS4        74      dsc         38.40      38.00      38.16        -120.65   0
CSKS4        118     dsc         33.70      33.30      33.47        -117.56   0
CSKS4        118     dsc         34.00      33.60      33.77        -117.50   0
CSKS4        118     dsc         34.30      33.90      34.09        -117.44   0
CSKS4        118     dsc         34.60      34.20      34.39        -117.40   0
CSKS4        118     dsc         34.90      34.50      34.70        -117.34   0
CSKS4        118     dsc         35.20      34.80      35.00        -117.28   0
CSKS4        118     dsc         35.50      35.20      35.31        -117.23   0
CSKS4        118     dsc         35.80      35.50      35.62        -117.19   0
CSKS4        148     dsc         38.30      37.90      38.05        -122.80   0
CSKS4        148     dsc         38.50      38.10      38.27        -122.76   0
CSKS4        148     dsc         38.70      38.30      38.47        -122.70   0
CSKS4        192     dsc         31.60      31.30      31.41        -115.83   0
CSKS4        192     dsc         31.90      31.60      31.72        -115.77   0
CSKS4        192     dsc         32.20      31.90      32.03        -115.70   0
CSKS4        192     dsc         32.50      32.20      32.34        -115.66   0
CSKS4        192     dsc         32.90      32.50      32.66        -115.59   0
CSKS4        192     dsc         33.20      32.80      32.97        -115.55   0
CSKS4        192     dsc         33.50      33.10      33.27        -115.48   0
CSKS4        192     dsc         33.80      33.40      33.59        -115.43   0
CSKS4        192     dsc         34.10      33.80      33.91        -115.38   0
CSKS4        192     dsc         34.40      34.10      34.20        -115.31   0
CSKS4        192     dsc         34.70      34.40      34.52        -115.27   0
CSKS4        192     dsc         35.00      34.70      34.84        -115.20   0
CSKS4        192     dsc         35.40      35.00      35.16        -115.16   0
CSKS4        207     dsc         34.30      34.00      34.14        -118.85   0
CSKS4        207     dsc         34.60      34.30      34.44        -118.80   0
CSKS4        207     dsc         34.90      34.60      34.73        -118.74   0
CSKS4        207     dsc         35.20      34.90      35.03        -118.68   0
CSKS4        207     dsc         35.50      35.20      35.34        -118.62   0
CSKS4        207     dsc         35.90      35.50      35.64        -118.57   0
CSKS4        207     dsc         36.20      35.80      35.94        -118.50   0
CSKS4        207     dsc         36.50      36.10      36.24        -118.45   0