PegBandIndx  PathNo  Direction   LatStart   LatEnd     PegLat       PegLon    PegHeading
csks1       200        asc       34.30        35.61       34.96        -120.43        13         -120.56       -120.29 
csks1       200        asc       35.61        36.60       36.10        -120.19        13         -120.29       -120.09 
csks1       200        asc       36.60        37.58       37.09        -119.98        13         -120.09       -119.88 
csks1       200        asc       37.58        38.56       38.07        -119.78        13         -119.88       -119.68 
csks1        22        asc       31.54        32.78       32.16        -115.07        14         -115.21       -114.93 
csks1        22        asc       32.78        34.02       33.40        -114.80        14         -114.93       -114.66 
csks1        22        asc       34.02        34.95       34.49        -114.56        14         -114.66       -114.46 
csks1        22        asc       34.95        35.88       35.42        -114.36        14         -114.46       -114.26 
csks1        37        asc       31.21        32.16       31.68        -116.88        15         -116.97       -116.79 
csks1        37        asc       32.16        33.11       32.64        -116.70        15         -116.79       -116.61 
csks1        37        asc       33.11        34.06       33.59        -116.52        15         -116.61       -116.43 
csks1        37        asc       34.06        35.01       34.54        -116.34        15         -116.43       -116.26 
csks1        37        asc       35.01        35.96       35.49        -116.17        15         -116.26       -116.08 
csks1        52        asc       33.79        35.10       34.45        -119.00        10         -119.11       -118.90 
csks1        52        asc       35.10        36.09       35.60        -118.82        10         -118.90       -118.74 
csks1        52        asc       36.09        37.07       36.58        -118.66        10         -118.74       -118.58 
csks1       111        asc       32.29        33.23       32.76        -117.66        12         -117.76       -117.56 
csks1       111        asc       33.23        34.18       33.71        -117.46        12         -117.56       -117.36 
csks1       111        asc       34.18        35.13       34.65        -117.26        12         -117.36       -117.16 
csks1       111        asc       35.13        36.08       35.60        -117.06        12         -117.16       -116.96 
csks1       126        asc       36.43        37.72       37.08        -122.04        8         -122.17       -121.90 
csks1       126        asc       37.72        39.00       38.36        -121.77        8         -121.90       -121.63 
csks1       185        asc       31.31        32.63       31.97        -116.33        14         -116.48       -116.19 
csks1       185        asc       32.63        33.96       33.30        -116.05        14         -116.19       -115.91 
csks1       185        asc       33.96        34.96       34.46        -115.80        14         -115.91       -115.69 
csks1       185        asc       34.96        35.96       35.46        -115.59        14         -115.69       -115.48 
csks1        59        dsc       38.22        37.29       37.76        -120.93        9         -120.84       -121.02 
csks1        59        dsc       37.29        36.35       36.82        -121.11        9         -121.02       -121.20 
csks1        59        dsc       36.35        35.42       35.88        -121.29        9         -121.20       -121.38 
csks1       207        dsc       37.30        36.33       36.82        -119.88        9         -119.80       -119.97 
csks1       207        dsc       36.33        35.37       35.85        -120.05        9         -119.97       -120.13 
csks1       207        dsc       35.37        34.41       34.89        -120.22        9         -120.13       -120.30 
csks1        44        dsc       36.30        35.08       35.69        -118.80        8         -118.70       -118.91 
csks1        44        dsc       35.08        33.85       34.46        -119.01        8         -118.91       -119.12 
csks1        29        dsc       34.95        34.03       34.49        -115.44        12         -115.36       -115.51 
csks1        29        dsc       34.03        33.12       33.58        -115.59        12         -115.51       -115.66 
csks1        29        dsc       33.12        32.21       32.66        -115.73        12         -115.66       -115.81 
csks1        29        dsc       32.21        31.29       31.75        -115.88        12         -115.81       -115.96 
csks1       192        dsc       35.77        34.86       35.32        -115.82        15         -115.74       -115.90 
csks1       192        dsc       34.86        33.94       34.40        -115.98        15         -115.90       -116.06 
csks1       192        dsc       33.94        33.02       33.48        -116.13        15         -116.06       -116.21 
csks1       192        dsc       33.02        32.10       32.56        -116.29        15         -116.21       -116.37 
csks1       192        dsc       32.10        31.18       31.64        -116.45        15         -116.37       -116.52 
csks1        74        dsc       39.11        37.77       38.44        -122.10        7         -121.94       -122.26 
csks1        74        dsc       37.77        36.76       37.26        -122.38        7         -122.26       -122.49 
csks1       103        dsc       32.54        31.54       32.04        -114.55        3         -114.47       -114.63 
csks1       118        dsc       35.85        34.90       35.38        -116.71        12         -116.63       -116.80 
csks1       118        dsc       34.90        33.96       34.43        -116.88        12         -116.80       -116.96 
csks1       118        dsc       33.96        33.01       33.48        -117.05        12         -116.96       -117.13 
csks1       118        dsc       33.01        32.07       32.54        -117.22        12         -117.13       -117.30 
csks2       200        asc       34.61        35.85       35.23        -121.01        14         -121.14       -120.88 
csks2       200        asc       35.85        37.10       36.48        -120.74        14         -120.88       -120.61 
csks2       200        asc       37.10        38.03       37.57        -120.50        14         -120.61       -120.40 
csks2       200        asc       38.03        38.97       38.50        -120.30        14         -120.40       -120.20 
csks2        22        asc       31.58        32.53       32.05        -114.52        9         -114.62       -114.42 
csks2        22        asc       32.53        33.48       33.00        -114.32        9         -114.42       -114.22 
csks2        22        asc       33.48        34.43       33.95        -114.12        9         -114.22       -114.02 
csks2        37        asc       31.26        32.19       31.73        -116.56        15         -116.65       -116.48 
csks2        37        asc       32.19        33.13       32.66        -116.39        15         -116.48       -116.31 
csks2        37        asc       33.13        34.07       33.60        -116.22        15         -116.31       -116.14 
csks2        37        asc       34.07        35.00       34.53        -116.05        15         -116.14       -115.96 
csks2        37        asc       35.00        35.94       35.47        -115.88        15         -115.96       -115.79 
csks2        52        asc       33.94        35.21       34.58        -119.38        11         -119.48       -119.28 
csks2        52        asc       35.21        36.47       35.84        -119.17        11         -119.28       -119.07 
csks2        52        asc       36.47        37.42       36.94        -118.99        11         -119.07       -118.92 
csks2       111        asc       33.09        34.38       33.74        -117.93        10         -118.07       -117.79 
csks2       111        asc       34.38        35.35       34.87        -117.69        10         -117.79       -117.58 
csks2       111        asc       35.35        36.33       35.84        -117.48        10         -117.58       -117.38 
csks2       126        asc       37.28        38.17       37.73        -122.52        5         -122.61       -122.42 
csks2       126        asc       38.17        38.76       38.46        -122.36        5         -122.42       -122.30 
csks2       185        asc       31.35        32.66       32.00        -116.08        14         -116.22       -115.94 
csks2       185        asc       32.66        33.98       33.32        -115.80        14         -115.94       -115.66 
csks2       185        asc       33.98        34.96       34.47        -115.55        14         -115.66       -115.45 
csks2       185        asc       34.96        35.95       35.46        -115.35        14         -115.45       -115.24 
csks2        59        dsc       38.00        37.02       37.51        -120.68        9         -120.58       -120.78 
csks2        59        dsc       37.02        36.04       36.53        -120.87        9         -120.78       -120.97 
csks2        59        dsc       36.04        35.07       35.56        -121.06        9         -120.97       -121.16 
csks2       207        dsc       37.01        36.09       36.55        -119.55        9         -119.47       -119.63 
csks2       207        dsc       36.09        35.17       35.63        -119.71        9         -119.63       -119.79 
csks2       207        dsc       35.17        34.25       34.71        -119.87        9         -119.79       -119.96 
csks2        44        dsc       36.13        34.92       35.52        -118.58        8         -118.48       -118.69 
csks2        44        dsc       34.92        33.71       34.31        -118.79        8         -118.69       -118.90 
csks2        29        dsc       34.40        33.17       33.79        -115.25        10         -115.15       -115.35 
csks2        29        dsc       33.17        32.25       32.71        -115.42        10         -115.35       -115.50 
csks2        29        dsc       32.25        31.33       31.79        -115.57        10         -115.50       -115.65 
csks2       148        dsc       38.83        37.58       38.21        -121.72        8         -121.58       -121.86 
csks2       148        dsc       37.58        36.33       36.96        -122.00        8         -121.86       -122.14 
csks2       192        dsc       35.82        34.90       35.36        -116.19        15         -116.12       -116.27 
csks2       192        dsc       34.90        33.98       34.44        -116.35        15         -116.27       -116.42 
csks2       192        dsc       33.98        33.06       33.52        -116.50        15         -116.42       -116.58 
csks2       192        dsc       33.06        32.14       32.60        -116.65        15         -116.58       -116.73 
csks2       192        dsc       32.14        31.22       31.68        -116.81        15         -116.73       -116.88 
csks2        74        dsc       39.21        38.18       38.69        -122.42        6         -122.30       -122.54 
csks2        74        dsc       38.18        37.14       37.66        -122.66        6         -122.54       -122.78 
csks2       118        dsc       35.89        34.66       35.27        -117.11        11         -117.00       -117.21 
csks2       118        dsc       34.66        33.44       34.05        -117.32        11         -117.21       -117.42 
csks2       118        dsc       33.44        32.52       32.98        -117.50        11         -117.42       -117.58 
csks3        29        dsc       33.82        32.62       33.22        -115.03        8         -114.93       -115.13 
csks3        29        dsc       32.62        31.41       32.01        -115.23        8         -115.13       -115.33 
csks3        74        dsc       39.02        38.14       38.58        -122.89        5         -122.79       -122.99 
csks3        74        dsc       38.14        37.55       37.84        -123.05        5         -122.99       -123.12 
csks4       200        asc       35.59        36.89       36.24        -121.61        11         -121.75       -121.46 
csks4       200        asc       36.89        38.19       37.54        -121.32        11         -121.46       -121.17 
csks4       200        asc       38.19        39.16       38.68        -121.06        11         -121.17       -120.95 
csks4        37        asc       31.44        32.74       32.09        -117.30        14         -117.43       -117.18 
csks4        37        asc       32.74        34.03       33.38        -117.05        14         -117.18       -116.93 
csks4        37        asc       34.03        35.00       34.52        -116.84        14         -116.93       -116.74 
csks4        37        asc       35.00        35.97       35.49        -116.65        14         -116.74       -116.56 
csks4        52        asc       34.32        35.27       34.80        -120.23        12         -120.31       -120.15 
csks4        52        asc       35.27        36.22       35.75        -120.07        12         -120.15       -119.98 
csks4        52        asc       36.22        37.17       36.70        -119.90        12         -119.98       -119.82 
csks4        52        asc       37.17        38.12       37.65        -119.74        12         -119.82       -119.66 
csks4       111        asc       33.53        34.83       34.18        -118.79        11         -118.94       -118.65 
csks4       111        asc       34.83        36.13       35.48        -118.50        11         -118.65       -118.35 
csks4       111        asc       36.13        37.11       36.62        -118.24        11         -118.35       -118.13 
csks4       185        asc       31.47        32.73       32.10        -115.31        14         -115.44       -115.19 
csks4       185        asc       32.73        34.00       33.36        -115.06        14         -115.19       -114.93 
csks4       185        asc       34.00        34.94       34.47        -114.83        14         -114.93       -114.74 
csks4       185        asc       34.94        35.89       35.42        -114.64        14         -114.74       -114.55 
csks4        59        dsc       37.57        36.57       37.07        -120.18        9         -120.08       -120.28 
csks4        59        dsc       36.57        35.57       36.07        -120.39        9         -120.28       -120.49 
csks4        59        dsc       35.57        34.56       35.07        -120.59        9         -120.49       -120.69 
csks4       207        dsc       36.54        35.24       35.89        -119.02        8         -118.90       -119.14 
csks4       207        dsc       35.24        33.95       34.60        -119.26        8         -119.14       -119.38 
csks4        44        dsc       35.95        34.76       35.36        -118.24        8         -118.14       -118.35 
csks4        44        dsc       34.76        33.57       34.16        -118.45        8         -118.35       -118.56 
csks4        29        dsc       33.08        32.13       32.60        -114.76        5         -114.68       -114.84 
csks4        29        dsc       32.13        31.49       31.81        -114.90        5         -114.84       -114.95 
csks4       148        dsc       38.77        37.91       38.34        -123.29        3         -123.21       -123.38 
csks4       192        dsc       35.43        34.14       34.78        -115.67        13         -115.55       -115.78 
csks4       192        dsc       34.14        33.17       33.65        -115.86        13         -115.78       -115.95 
csks4       192        dsc       33.17        32.20       32.69        -116.03        13         -115.95       -116.12 
csks4       192        dsc       32.20        31.23       31.72        -116.20        13         -116.12       -116.29 
csks4        74        dsc       38.55        37.22       37.88        -121.37        8         -121.21       -121.53 
csks4        74        dsc       37.22        35.90       36.56        -121.69        8         -121.53       -121.86 
csks4       118        dsc       35.91        34.60       35.26        -117.73        8         -117.62       -117.84 
csks4       118        dsc       34.60        33.29       33.95        -117.95        8         -117.84       -118.06 
