PegBandIndx  PathNo  Direction   LatStart   LatEnd     PegLat       PegLon    PegHeading
CSKS3        52      asc         34.10      34.50      34.28        -119.78   0
CSKS3        52      asc         34.40      34.80      34.58        -119.83   0
CSKS3        52      asc         34.70      35.10      34.88        -119.88   0
CSKS3        52      asc         35.00      35.40      35.17        -119.92   0
CSKS3        52      asc         35.30      35.70      35.48        -119.97   0
CSKS3        52      asc         35.60      36.00      35.77        -120.03   0
CSKS3        52      asc         35.90      36.30      36.06        -120.09   0
CSKS3        52      asc         36.20      36.60      36.36        -120.13   0
CSKS3        52      asc         36.50      36.90      36.66        -120.19   0
CSKS3        52      asc         36.80      37.20      36.95        -120.23   0
CSKS3        52      asc         37.10      37.50      37.25        -120.28   0
CSKS3        52      asc         37.40      37.80      37.55        -120.34   0
CSKS3        185     asc         31.40      31.80      31.59        -115.53   0
CSKS3        185     asc         31.70      32.10      31.90        -115.59   0
CSKS3        185     asc         32.10      32.40      32.20        -115.66   0
CSKS3        185     asc         32.40      32.70      32.52        -115.72   0
CSKS3        185     asc         32.70      33.00      32.83        -115.80   0
CSKS3        185     asc         33.00      33.40      33.12        -115.86   0
CSKS3        185     asc         33.30      33.70      33.44        -115.92   0
CSKS3        185     asc         33.60      34.00      33.75        -116.00   0
CSKS3        185     asc         33.90      34.30      34.05        -116.06   0
CSKS3        185     asc         34.20      34.60      34.36        -116.12   0
CSKS3        185     asc         34.50      34.90      34.66        -116.19   0
CSKS3        185     asc         34.80      35.20      34.98        -116.27   0
CSKS3        185     asc         35.10      35.50      35.28        -116.34   0
CSKS3        185     asc         35.40      35.80      35.59        -116.41   0
CSKS3        200     asc         35.10      35.50      35.28        -121.20   0
CSKS3        200     asc         35.40      35.80      35.59        -121.27   0
CSKS3        200     asc         35.70      36.10      35.89        -121.34   0
CSKS3        200     asc         36.00      36.40      36.17        -121.41   0
CSKS3        200     asc         36.30      36.70      36.48        -121.47   0
CSKS3        200     asc         36.60      37.00      36.77        -121.55   0
CSKS3        200     asc         36.90      37.30      37.08        -121.61   0
CSKS3        200     asc         37.20      37.60      37.38        -121.68   0
CSKS3        200     asc         37.50      37.90      37.67        -121.75   0
CSKS3        200     asc         37.80      38.20      37.98        -121.82   0
CSKS3        200     asc         38.10      38.50      38.27        -121.89   0
CSKS3        200     asc         38.40      38.80      38.56        -121.96   0
CSKS3        200     asc         38.70      39.10      38.86        -122.03   0
CSKS3        29      dsc         31.80      31.40      31.57        -114.85   0
CSKS3        29      dsc         32.10      31.70      31.88        -114.78   0
CSKS3        29      dsc         32.40      32.00      32.15        -114.73   0
CSKS3        29      dsc         32.60      32.30      32.42        -114.69   0
CSKS3        29      dsc         32.90      32.50      32.70        -114.66   0
CSKS3        29      dsc         33.20      32.80      32.98        -114.59   0
CSKS3        29      dsc         33.50      33.10      33.27        -114.55   0
CSKS3        29      dsc         33.70      33.40      33.53        -114.50   0
CSKS3        44      dsc         33.80      33.40      33.59        -117.81   0
CSKS3        44      dsc         34.10      33.70      33.88        -117.75   0
CSKS3        44      dsc         34.40      34.00      34.16        -117.70   0
CSKS3        44      dsc         34.70      34.30      34.47        -117.65   0
CSKS3        44      dsc         35.00      34.60      34.75        -117.59   0
CSKS3        44      dsc         35.30      34.90      35.05        -117.53   0
CSKS3        44      dsc         35.50      35.20      35.34        -117.48   0
CSKS3        44      dsc         35.80      35.50      35.63        -117.42   0
CSKS3        59      dsc         34.90      34.50      34.67        -120.47   0
CSKS3        59      dsc         35.20      34.80      34.98        -120.40   0
CSKS3        59      dsc         35.50      35.20      35.30        -120.34   0
CSKS3        59      dsc         35.80      35.50      35.61        -120.27   0
CSKS3        59      dsc         36.10      35.80      35.92        -120.20   0
CSKS3        59      dsc         36.50      36.10      36.23        -120.14   0
CSKS3        59      dsc         36.80      36.40      36.55        -120.08   0
CSKS3        59      dsc         37.10      36.70      36.86        -120.01   0
CSKS3        59      dsc         37.40      37.00      37.17        -119.94   0
CSKS3        59      dsc         37.70      37.30      37.48        -119.88   0
CSKS3        74      dsc         38.00      37.60      37.73        -122.52   0
CSKS3        74      dsc         38.40      38.10      38.20        -122.40   0
CSKS3        74      dsc         38.90      38.50      38.69        -122.28   0