PegBandIndx  PathNo  Direction   LatStart   LatEnd     PegLat       PegLon    PegHeading
CSKS2        22      asc         31.60      32.00      31.74        -114.58   0
CSKS2        22      asc         31.90      32.30      32.06        -114.64   0
CSKS2        22      asc         32.20      32.60      32.36        -114.70   0
CSKS2        22      asc         32.50      32.90      32.64        -114.78   0
CSKS2        22      asc         32.80      33.10      32.91        -114.84   0
CSKS2        22      asc         33.10      33.50      33.23        -114.91   0
CSKS2        22      asc         33.40      33.70      33.52        -114.97   0
CSKS2        22      asc         33.60      34.00      33.78        -115.03   0
CSKS2        22      asc         33.90      34.30      34.09        -115.10   0
CSKS2        37      asc         31.30      31.60      31.44        -116.31   0
CSKS2        37      asc         31.60      32.00      31.74        -116.36   0
CSKS2        37      asc         31.90      32.30      32.05        -116.41   0
CSKS2        37      asc         32.20      32.60      32.34        -116.47   0
CSKS2        37      asc         32.50      32.80      32.62        -116.54   0
CSKS2        37      asc         32.80      33.20      32.95        -116.59   0
CSKS2        37      asc         33.10      33.50      33.25        -116.64   0
CSKS2        37      asc         33.40      33.70      33.52        -116.71   0
CSKS2        37      asc         33.70      34.10      33.84        -116.75   0
CSKS2        37      asc         34.00      34.40      34.14        -116.81   0
CSKS2        37      asc         34.30      34.70      34.44        -116.87   0
CSKS2        37      asc         34.60      34.90      34.73        -116.94   0
CSKS2        37      asc         34.90      35.30      35.03        -116.98   0
CSKS2        37      asc         35.20      35.50      35.33        -117.05   0
CSKS2        37      asc         35.50      35.80      35.64        -117.10   0
CSKS2        52      asc         33.90      34.30      34.11        -119.38   0
CSKS2        52      asc         34.30      34.60      34.44        -119.44   0
CSKS2        52      asc         34.60      34.90      34.72        -119.48   0
CSKS2        52      asc         34.90      35.20      35.02        -119.53   0
CSKS2        52      asc         35.20      35.50      35.31        -119.59   0
CSKS2        52      asc         35.50      35.80      35.61        -119.63   0
CSKS2        52      asc         35.80      36.10      35.95        -119.69   0
CSKS2        52      asc         36.10      36.40      36.23        -119.73   0
CSKS2        52      asc         36.40      36.70      36.55        -119.78   0
CSKS2        52      asc         36.70      37.00      36.84        -119.84   0
CSKS2        52      asc         37.00      37.30      37.14        -119.89   0
CSKS2        111     asc         33.10      33.50      33.27        -117.94   0
CSKS2        111     asc         33.40      33.80      33.58        -118.01   0
CSKS2        111     asc         33.70      34.10      33.88        -118.08   0
CSKS2        111     asc         34.00      34.40      34.19        -118.14   0
CSKS2        111     asc         34.30      34.70      34.48        -118.22   0
CSKS2        111     asc         34.60      35.00      34.78        -118.28   0
CSKS2        111     asc         34.90      35.30      35.09        -118.36   0
CSKS2        111     asc         35.20      35.60      35.39        -118.42   0
CSKS2        111     asc         35.50      35.90      35.70        -118.49   0
CSKS2        111     asc         35.80      36.20      36.00        -118.56   0
CSKS2        126     asc         37.10      37.50      37.28        -122.84   0
CSKS2        126     asc         37.40      37.80      37.55        -122.89   0
CSKS2        126     asc         37.60      38.00      37.80        -122.95   0
CSKS2        126     asc         37.90      38.30      38.05        -123.01   0
CSKS2        126     asc         38.20      38.50      38.30        -123.07   0
CSKS2        126     asc         38.40      38.80      38.56        -123.13   0
CSKS2        185     asc         31.40      31.80      31.52        -115.83   0
CSKS2        185     asc         31.70      32.10      31.84        -115.89   0
CSKS2        185     asc         32.00      32.40      32.15        -115.95   0
CSKS2        185     asc         32.30      32.70      32.47        -116.03   0
CSKS2        185     asc         32.60      33.00      32.77        -116.09   0
CSKS2        185     asc         32.90      33.30      33.09        -116.16   0
CSKS2        185     asc         33.30      33.60      33.41        -116.23   0
CSKS2        185     asc         33.60      34.00      33.73        -116.31   0
CSKS2        185     asc         33.90      34.30      34.03        -116.38   0
CSKS2        185     asc         34.20      34.60      34.36        -116.44   0
CSKS2        185     asc         34.50      34.90      34.66        -116.52   0
CSKS2        185     asc         34.80      35.20      34.98        -116.59   0
CSKS2        185     asc         35.10      35.50      35.30        -116.66   0
CSKS2        185     asc         35.50      35.80      35.61        -116.73   0
CSKS2        200     asc         34.40      34.80      34.53        -120.72   0
CSKS2        200     asc         34.70      35.10      34.86        -120.78   0
CSKS2        200     asc         35.00      35.40      35.17        -120.86   0
CSKS2        200     asc         35.30      35.70      35.48        -120.92   0
CSKS2        200     asc         35.70      36.00      35.80        -121.00   0
CSKS2        200     asc         36.00      36.40      36.12        -121.06   0
CSKS2        200     asc         36.30      36.70      36.45        -121.14   0
CSKS2        200     asc         36.60      37.00      36.75        -121.21   0
CSKS2        200     asc         36.90      37.30      37.08        -121.28   0
CSKS2        200     asc         37.00      37.40      37.16        -122.12   0
CSKS2        200     asc         37.20      37.60      37.39        -121.36   0
CSKS2        200     asc         37.60      37.90      37.70        -121.42   0
CSKS2        200     asc         37.90      38.30      38.02        -121.50   0
CSKS2        200     asc         38.20      38.60      38.34        -121.57   0
CSKS2        200     asc         38.50      38.90      38.66        -121.64   0
CSKS2        29      dsc         31.70      31.40      31.51        -115.19   0
CSKS2        29      dsc         32.00      31.70      31.80        -115.15   0
CSKS2        29      dsc         32.30      31.90      32.09        -115.09   0
CSKS2        29      dsc         32.60      32.20      32.39        -115.05   0
CSKS2        29      dsc         32.90      32.50      32.67        -115.00   0
CSKS2        29      dsc         33.20      32.80      32.97        -114.95   0
CSKS2        29      dsc         33.50      33.10      33.27        -114.90   0
CSKS2        29      dsc         33.80      33.40      33.55        -114.85   0
CSKS2        29      dsc         34.00      33.70      33.83        -114.81   0
CSKS2        29      dsc         34.30      34.00      34.11        -114.75   0
CSKS2        44      dsc         34.10      33.70      33.89        -118.42   0
CSKS2        44      dsc         34.40      34.00      34.17        -118.37   0
CSKS2        44      dsc         34.70      34.30      34.45        -118.31   0
CSKS2        44      dsc         34.90      34.60      34.73        -118.28   0
CSKS2        44      dsc         35.20      34.80      35.00        -118.22   0
CSKS2        44      dsc         35.50      35.10      35.27        -118.17   0
CSKS2        44      dsc         35.80      35.40      35.56        -118.12   0
CSKS2        44      dsc         36.00      35.70      35.83        -118.07   0
CSKS2        59      dsc         35.50      35.10      35.25        -120.58   0
CSKS2        59      dsc         35.80      35.40      35.55        -120.52   0
CSKS2        59      dsc         36.10      35.70      35.86        -120.45   0
CSKS2        59      dsc         36.40      36.00      36.16        -120.39   0
CSKS2        59      dsc         36.70      36.30      36.45        -120.33   0
CSKS2        59      dsc         37.00      36.60      36.77        -120.27   0
CSKS2        59      dsc         37.30      36.90      37.06        -120.20   0
CSKS2        59      dsc         37.60      37.20      37.36        -120.14   0
CSKS2        59      dsc         37.90      37.50      37.66        -120.08   0
CSKS2        74      dsc         37.40      37.00      37.19        -122.22   0
CSKS2        74      dsc         37.70      37.30      37.47        -122.15   0
CSKS2        74      dsc         38.00      37.60      37.75        -122.08   0
CSKS2        74      dsc         38.20      37.80      37.94        -122.03   0
CSKS2        74      dsc         38.50      38.10      38.25        -121.96   0
CSKS2        74      dsc         38.80      38.40      38.55        -121.88   0
CSKS2        74      dsc         39.10      38.70      38.86        -121.81   0
CSKS2        118     dsc         32.90      32.60      32.73        -117.09   0
CSKS2        118     dsc         33.20      32.90      33.02        -117.05   0
CSKS2        118     dsc         33.50      33.10      33.30        -117.00   0
CSKS2        118     dsc         33.80      33.40      33.59        -116.94   0
CSKS2        118     dsc         34.10      33.70      33.88        -116.90   0
CSKS2        118     dsc         34.40      34.00      34.16        -116.84   0
CSKS2        118     dsc         34.60      34.30      34.45        -116.79   0
CSKS2        118     dsc         34.90      34.60      34.73        -116.73   0
CSKS2        118     dsc         35.20      34.90      35.02        -116.69   0
CSKS2        118     dsc         35.50      35.20      35.30        -116.63   0
CSKS2        118     dsc         35.80      35.40      35.59        -116.59   0
CSKS2        148     dsc         36.50      36.10      36.25        -121.59   0
CSKS2        148     dsc         36.80      36.40      36.52        -121.53   0
CSKS2        148     dsc         37.00      36.70      36.80        -121.47   0
CSKS2        148     dsc         37.30      36.90      37.09        -121.40   0
CSKS2        148     dsc         37.60      37.20      37.38        -121.33   0
CSKS2        148     dsc         37.90      37.50      37.66        -121.26   0
CSKS2        148     dsc         38.20      37.80      37.94        -121.20   0
CSKS2        148     dsc         38.40      38.10      38.22        -121.13   0
CSKS2        148     dsc         38.70      38.30      38.50        -121.06   0
CSKS2        192     dsc         31.60      31.20      31.39        -116.38   0
CSKS2        192     dsc         31.90      31.50      31.69        -116.34   0
CSKS2        192     dsc         32.20      31.80      31.98        -116.28   0
CSKS2        192     dsc         32.50      32.10      32.27        -116.23   0
CSKS2        192     dsc         32.80      32.40      32.56        -116.17   0
CSKS2        192     dsc         33.10      32.70      32.86        -116.12   0
CSKS2        192     dsc         33.40      33.00      33.16        -116.08   0
CSKS2        192     dsc         33.70      33.30      33.45        -116.03   0
CSKS2        192     dsc         34.00      33.60      33.75        -115.97   0
CSKS2        192     dsc         34.20      33.90      34.05        -115.92   0
CSKS2        192     dsc         34.50      34.20      34.34        -115.88   0
CSKS2        192     dsc         34.80      34.50      34.64        -115.83   0
CSKS2        192     dsc         35.10      34.80      34.92        -115.78   0
CSKS2        192     dsc         35.40      35.10      35.23        -115.72   0
CSKS2        192     dsc         35.70      35.40      35.52        -115.67   0
CSKS2        207     dsc         34.60      34.30      34.44        -119.50   0
CSKS2        207     dsc         34.90      34.60      34.73        -119.45   0
CSKS2        207     dsc         35.20      34.80      35.00        -119.40   0
CSKS2        207     dsc         35.50      35.10      35.30        -119.34   0
CSKS2        207     dsc         35.80      35.40      35.58        -119.30   0
CSKS2        207     dsc         36.10      35.70      35.86        -119.24   0
CSKS2        207     dsc         36.30      36.00      36.15        -119.19   0
CSKS2        207     dsc         36.60      36.30      36.44        -119.13   0
CSKS2        207     dsc         36.90      36.60      36.72        -119.09   0
CSKS2        207     dsc         37.10      36.80      36.95        -119.05   0
CSKS2        207     dsc         37.50      37.10      37.27        -118.98   0
CSKS2        207     dsc         37.80      37.40      37.59        -118.92   0
CSKS2        207     dsc         38.10      37.70      37.89        -118.87   0
CSKS2        207     dsc         38.40      38.10      38.22        -118.81   0